--- PAGE 1 ---
内蒙古伊利实业集团股份有限公司2026 年第一季度报告
1 / 15
证券代码：600887
证券简称：伊利股份
内蒙古伊利实业集团股份有限公司
2026 年第一季度报告
本公司董事会及全体董事保证本公告内容不存在任何虚假记载、误导性陈述或者重大遗
漏，并对其内容的真实性、准确性和完整性承担法律责任。
重要内容提示
公司董事会及董事、高级管理人员保证季度报告内容的真实、准确、完整，不存在虚假记载、
误导性陈述或重大遗漏，并承担个别和连带的法律责任。
公司负责人、主管会计工作负责人及会计机构负责人（会计主管人员）保证季度报告中财务
信息的真实、准确、完整。
第一季度财务报表是否经审计
□是√否
一、主要财务数据
(一)主要会计数据和财务指标
单位：元
币种：人民币
项目
本报告期
上年同期
本报告期比上年同期
增减变动幅度(%)
营业收入
34,741,223,880.93
32,938,299,808.43
5.47
利润总额
6,373,727,293.62
5,753,533,142.71
10.78
归属于上市公司股东的净利润
5,394,651,297.16
4,874,104,242.93
10.68
归属于上市公司股东的扣除非经常性损益的净利润
5,328,824,365.82
4,629,303,049.44
15.11
经营活动产生的现金流量净额
3,734,648,413.05
948,079,882.53
293.92
基本每股收益（元/股）
0.85
0.77
10.39
稀释每股收益（元/股）
0.85
0.77
10.39
加权平均净资产收益率（%）
9.44
8.74
增加0.70 个百分点
本报告期末
上年度末
本报告期末比上年度
末增减变动幅度(%)
总资产
156,745,247,869.64
152,098,516,632.34
3.06
归属于上市公司股东的所有者权益
59,588,118,155.22
54,655,690,475.89
9.02


--- PAGE 2 ---
内蒙古伊利实业集团股份有限公司2026 年第一季度报告
2 / 15
(二)非经常性损益项目和金额
√适用□不适用
单位：元
币种：人民币
非经常性损益项目
本期金额
说明
非流动性资产处置损益，包括已计提资产减值准备的冲销部分
12,375,863.39
计入当期损益的政府补助，但与公司正常经营业务密切相关、符合国家政
策规定、按照确定的标准享有、对公司损益产生持续影响的政府补助除外
178,393,440.81
除同公司正常经营业务相关的有效套期保值业务外，非金融企业持有金融
资产和金融负债产生的公允价值变动损益以及处置金融资产和金融负债产
生的损益
-66,684,997.70
计入当期损益的对非金融企业收取的资金占用费
委托他人投资或管理资产的损益
对外委托贷款取得的损益
因不可抗力因素，如遭受自然灾害而产生的各项资产损失
单独进行减值测试的应收款项减值准备转回
115,504.67
企业取得子公司、联营企业及合营企业的投资成本小于取得投资时应享有
被投资单位可辨认净资产公允价值产生的收益
同一控制下企业合并产生的子公司期初至合并日的当期净损益
非货币性资产交换损益
债务重组损益
企业因相关经营活动不再持续而发生的一次性费用，如安置职工的支出等
因税收、会计等法律、法规的调整对当期损益产生的一次性影响
因取消、修改股权激励计划一次性确认的股份支付费用
对于现金结算的股份支付，在可行权日之后，应付职工薪酬的公允价值变
动产生的损益
采用公允价值模式进行后续计量的投资性房地产公允价值变动产生的损益
交易价格显失公允的交易产生的收益
与公司正常经营业务无关的或有事项产生的损益
受托经营取得的托管费收入
除上述各项之外的其他营业外收入和支出
-44,065,972.37
其他符合非经常性损益定义的损益项目
减：所得税影响额
14,103,208.56
少数股东权益影响额（税后）
203,698.90
合计
65,826,931.34
对公司将《公开发行证券的公司信息披露解释性公告第1 号——非经常性损益》未列举的项
目认定为非经常性损益项目且金额重大的，以及将《公开发行证券的公司信息披露解释性公告第
1 号——非经常性损益》中列举的非经常性损益项目界定为经常性损益的项目，应说明原因。
□适用√不适用


--- PAGE 3 ---
内蒙古伊利实业集团股份有限公司2026 年第一季度报告
3 / 15
(三)主要会计数据、财务指标发生变动的情况、原因
√适用□不适用
项目名称
变动比例（%）
主要原因
经营活动产生的现金流量净额
293.92
主要是收入增加使得销售商品的现金流入增加，同时应付供应商的款项增
加，使得购买商品现金流出减少。
二、股东信息
(一)普通股股东总数和表决权恢复的优先股股东数量及前十名股东持股情况表
单位：股
报告期末普通股股东总数
414,273
报告期末表决权恢复的优先股股东总数（如有）
不适用
前10 名股东持股情况（不含通过转融通出借股份）
股东名称
股东性质
持股数量
持股
比例
(%)
持有有限售条件
股份数量
质押、标记或冻结情况
股份状态
数量
呼和浩特投资有限责任公司
国有法人
538,535,826
8.51
0
质押
166,910,000
香港中央结算有限公司
其他
439,161,783
6.94
0
未知
0
中国人寿保险股份有限公司－传统－普通保
险产品－005L－CT001 沪
其他
233,404,703
3.69
0
未知
0
潘刚
境内自然人
224,756,319
3.55
0
质押
117,778,442
国丰兴华（北京）私募基金管理有限公司－
鸿鹄志远（上海）私募投资基金有限公司
其他
156,045,797
2.47
0
未知
0
中国证券金融股份有限公司
其他
126,335,480
2.00
0
未知
0
赵成霞
境内自然人
92,420,140
1.46
0
质押
56,670,000
中国工商银行股份有限公司－中证主要消费
交易型开放式指数证券投资基金
其他
74,614,274
1.18
0
未知
0
陈发树
境内自然人
60,438,092
0.96
0
未知
0
和谐健康保险股份有限公司－万能
其他
51,893,672
0.82
0
未知
0
前10 名无限售条件股东持股情况（不含通过转融通出借股份）
股东名称
持有无限售条件流通股的数量
股份种类及数量
股份种类
数量
呼和浩特投资有限责任公司
538,535,826
人民币普通股
538,535,826
香港中央结算有限公司
439,161,783
人民币普通股
439,161,783
中国人寿保险股份有限公司－传统－普通保
险产品－005L－CT001 沪
233,404,703
人民币普通股
233,404,703
潘刚
224,756,319
人民币普通股
224,756,319
国丰兴华（北京）私募基金管理有限公司－
鸿鹄志远（上海）私募投资基金有限公司
156,045,797
人民币普通股
156,045,797
中国证券金融股份有限公司
126,335,480
人民币普通股
126,335,480
赵成霞
92,420,140
人民币普通股
92,420,140
中国工商银行股份有限公司－中证主要消费
交易型开放式指数证券投资基金
74,614,274
人民币普通股
74,614,274


--- PAGE 4 ---
内蒙古伊利实业集团股份有限公司2026 年第一季度报告
4 / 15
陈发树
60,438,092
人民币普通股
60,438,092
和谐健康保险股份有限公司－万能
51,893,672
人民币普通股
51,893,672
持股5%以上股东、前10 名股东及前10 名无限售流通股股东参与转融通业务出借股份情况
□适用√不适用
前10 名股东及前10 名无限售流通股股东因转融通出借/归还原因导致较上期发生变化
□适用√不适用
三、其他提醒事项
需提醒投资者关注的关于公司报告期经营情况的其他重要信息
□适用√不适用
四、季度财务报表
(一)审计意见类型
□适用√不适用
(二)财务报表


--- PAGE 5 ---
内蒙古伊利实业集团股份有限公司2026 年第一季度报告
5 / 15
合并资产负债表
2026 年3 月31 日
编制单位：内蒙古伊利实业集团股份有限公司
单位：元
币种：人民币
审计类型：未经审计
项目
2026 年3 月31 日
2025 年12 月31 日
流动资产：
货币资金
19,755,302,604.96
19,494,920,358.00
结算备付金
拆出资金
交易性金融资产
302,959,055.06
3,300,546.52
衍生金融资产
13,304,100.31
40,816,480.79
应收票据
11,183,611.43
7,279,782.71
应收账款
3,562,528,703.34
2,987,426,531.59
应收款项融资
160,012,749.27
140,309,963.98
预付款项
1,314,319,078.37
1,197,447,120.87
应收保费
应收分保账款
应收分保合同准备金
其他应收款
158,399,082.64
120,851,859.23
其中：应收利息
应收股利
555,538.85
买入返售金融资产
存货
10,331,165,379.44
10,823,125,184.53
其中：数据资源
合同资产
持有待售资产
16,459,866.67
一年内到期的非流动资产
4,440,986,134.25
13,695,294,508.72
其他流动资产
22,574,234,870.04
17,842,488,384.95
流动资产合计
62,624,395,369.11
66,369,720,588.56
非流动资产：
发放贷款和垫款
债权投资
其他债权投资
长期应收款
124,573.24
247,144.37
长期股权投资
4,317,496,058.93
4,143,694,494.41
其他权益工具投资
2,472,237,443.84
2,749,765,754.14
其他非流动金融资产
2,262,705,233.73
2,146,722,768.88
投资性房地产
695,535,298.54
705,839,007.56
固定资产
33,561,693,678.86
34,386,310,115.64
在建工程
1,262,765,413.54
1,357,261,259.27
生产性生物资产
1,726,322,004.24
1,734,048,408.33
油气资产
使用权资产
834,946,280.82
855,286,262.02
无形资产
4,676,605,403.39
4,755,418,231.46
其中：数据资源
开发支出
其中：数据资源
商誉
2,173,279,390.31
2,181,530,707.86
长期待摊费用
15,417,348.99
16,024,145.86
递延所得税资产
1,884,833,933.10
1,949,326,817.30
其他非流动资产
38,236,890,439.00
28,747,320,926.68
非流动资产合计
94,120,852,500.53
85,728,796,043.78
资产总计
156,745,247,869.64
152,098,516,632.34


--- PAGE 6 ---
内蒙古伊利实业集团股份有限公司2026 年第一季度报告
6 / 15
流动负债：
短期借款
59,050,990,165.43
45,630,626,027.83
向中央银行借款
拆入资金
交易性金融负债
衍生金融负债
66,123,449.44
33,489,348.83
应付票据
2,612,177,523.52
1,650,779,898.61
应付账款
12,933,122,566.70
11,479,437,770.67
预收款项
合同负债
5,399,011,667.58
10,564,239,506.92
卖出回购金融资产款
吸收存款及同业存放
代理买卖证券款
代理承销证券款
应付职工薪酬
3,462,648,395.62
3,729,514,509.56
应交税费
1,304,541,187.05
429,062,556.93
其他应付款
2,786,199,325.01
2,675,338,004.20
其中：应付利息
应付股利
318,822,696.73
318,900,828.36
应付手续费及佣金
应付分保账款
持有待售负债
一年内到期的非流动负债
2,405,055,952.23
4,414,707,476.52
其他流动负债
835,905,501.73
10,445,809,070.14
流动负债合计
90,855,775,734.31
91,053,004,170.21
非流动负债：
保险合同准备金
长期借款
450,429,848.76
472,479,632.72
应付债券
其中：优先股
永续债
租赁负债
234,221,383.75
288,520,048.50
长期应付款
长期应付职工薪酬
23,743,536.23
24,084,724.90
预计负债
递延收益
768,444,792.87
755,371,787.60
递延所得税负债
928,171,269.39
960,705,189.88
其他非流动负债
74,400.37
74,400.37
非流动负债合计
2,405,085,231.37
2,501,235,783.97
负债合计
93,260,860,965.68
93,554,239,954.18
所有者权益（或股东权益）：
实收资本（或股本）
6,325,360,667.00
6,325,360,667.00
其他权益工具
其中：优先股
永续债
资本公积
12,313,633,098.50
12,262,344,222.29
减：库存股
其他综合收益
-686,854,034.47
-173,163,583.80
专项储备
177,956.63
盈余公积
3,200,065,459.00
3,200,065,459.00
一般风险准备
未分配利润
38,435,735,008.56
33,041,083,711.40
归属于母公司所有者权益（或股东权益）合计
59,588,118,155.22
54,655,690,475.89
少数股东权益
3,896,268,748.74
3,888,586,202.27
所有者权益（或股东权益）合计
63,484,386,903.96
58,544,276,678.16
负债和所有者权益（或股东权益）总计
156,745,247,869.64
152,098,516,632.34
公司负责人：潘刚
主管会计工作负责人：赵成霞
会计机构负责人：邹赢


--- PAGE 7 ---
内蒙古伊利实业集团股份有限公司2026 年第一季度报告
7 / 15
合并利润表
2026 年1—3 月
编制单位：内蒙古伊利实业集团股份有限公司
单位：元
币种：人民币
审计类型：未经审计
项目
2026 年第一季度
2025 年第一季度
一、营业总收入
34,824,961,423.65
33,018,237,383.48
其中：营业收入
34,741,223,880.93
32,938,299,808.43
利息收入
83,737,542.72
79,937,575.05
已赚保费
手续费及佣金收入
二、营业总成本
28,624,146,276.02
27,510,573,494.72
其中：营业成本
21,409,381,174.35
20,531,241,419.31
利息支出
手续费及佣金支出
退保金
赔付支出净额
提取保险责任准备金净额
保单红利支出
分保费用
税金及附加
226,077,961.24
188,561,448.82
销售费用
5,820,246,404.90
5,588,102,831.51
管理费用
1,277,333,339.43
1,244,789,450.49
研发费用
170,119,070.51
191,327,593.89
财务费用
-279,011,674.41
-233,449,249.30
其中：利息费用
266,188,213.61
234,173,017.20
利息收入
526,593,009.06
510,445,137.06
加：其他收益
187,156,275.48
277,232,565.39
投资收益（损失以“-”号填列）
135,820,725.26
-812,014.29
其中：对联营企业和合营企业的投资收益
128,023,302.62
-8,548,617.48
以摊余成本计量的金融资产终止确认收益
汇兑收益（损失以“-”号填列）
净敞口套期收益（损失以“-”号填列）
公允价值变动收益（损失以“-”号填列）
-66,684,997.70
12,442,568.17
信用减值损失（损失以“-”号填列）
7,289,006.21
13,809,433.51
资产减值损失（损失以“-”号填列）
-50,598,726.32
-71,295,541.76
资产处置收益（损失以“-”号填列）
12,375,863.39
-157,740.53
三、营业利润（亏损以“-”号填列）
6,426,173,293.95
5,738,883,159.25
加：营业外收入
1,289,885.10
34,761,207.36
减：营业外支出
53,735,885.43
20,111,223.90
四、利润总额（亏损总额以“-”号填列）
6,373,727,293.62
5,753,533,142.71


--- PAGE 8 ---
内蒙古伊利实业集团股份有限公司2026 年第一季度报告
8 / 15
减：所得税费用
934,489,523.71
808,380,322.62
五、净利润（净亏损以“-”号填列）
5,439,237,769.91
4,945,152,820.09
（一）按经营持续性分类
1.持续经营净利润（净亏损以“-”号填列）
5,439,237,769.91
4,945,152,820.09
2.终止经营净利润（净亏损以“-”号填列）
（二）按所有权归属分类
1.归属于母公司股东的净利润（净亏损以“-”号填列）
5,394,651,297.16
4,874,104,242.93
2.少数股东损益（净亏损以“-”号填列）
44,586,472.75
71,048,577.16
六、其他综合收益的税后净额
-549,173,431.96
273,625,546.68
（一）归属母公司所有者的其他综合收益的税后净额
-513,690,450.67
252,123,213.42
1．不能重分类进损益的其他综合收益
-277,469,934.07
166,837,544.34
（1）重新计量设定受益计划变动额
（2）权益法下不能转损益的其他综合收益
（3）其他权益工具投资公允价值变动
-277,469,934.07
166,837,544.34
（4）企业自身信用风险公允价值变动
2．将重分类进损益的其他综合收益
-236,220,516.60
85,285,669.08
（1）权益法下可转损益的其他综合收益
2,252,948.33
（2）其他债权投资公允价值变动
（3）金融资产重分类计入其他综合收益的金额
（4）其他债权投资信用减值准备
（5）现金流量套期储备
-38,266,865.49
51,581,567.46
（6）外币财务报表折算差额
-197,953,651.11
31,451,153.29
（7）其他
（二）归属于少数股东的其他综合收益的税后净额
-35,482,981.29
21,502,333.26
七、综合收益总额
4,890,064,337.95
5,218,778,366.77
（一）归属于母公司所有者的综合收益总额
4,880,960,846.49
5,126,227,456.35
（二）归属于少数股东的综合收益总额
9,103,491.46
92,550,910.42
八、每股收益：
（一）基本每股收益(元/股)
0.85
0.77
（二）稀释每股收益(元/股)
0.85
0.77
本期发生同一控制下企业合并的，被合并方在合并前实现的净利润为：0元，上期被合并方实现的净利
润为：0元。
公司负责人：潘刚
主管会计工作负责人：赵成霞
会计机构负责人：邹赢


--- PAGE 9 ---
内蒙古伊利实业集团股份有限公司2026 年第一季度报告
9 / 15
合并现金流量表
2026 年1—3 月
编制单位：内蒙古伊利实业集团股份有限公司
单位：元
币种：人民币
审计类型：未经审计
项目
2026年第一季度
2025年第一季度
一、经营活动产生的现金流量：
销售商品、提供劳务收到的现金
31,782,415,911.44
29,244,297,490.95
客户存款和同业存放款项净增加额
向中央银行借款净增加额
向其他金融机构拆入资金净增加额
收到原保险合同保费取得的现金
收到再保业务现金净额
保户储金及投资款净增加额
收取利息、手续费及佣金的现金
46,621,819.62
41,806,018.55
拆入资金净增加额
回购业务资金净增加额
代理买卖证券收到的现金净额
收到的税费返还
63,109,127.06
130,656,674.87
收到其他与经营活动有关的现金
537,875,366.90
556,352,422.20
经营活动现金流入小计
32,430,022,225.02
29,973,112,606.57
购买商品、接受劳务支付的现金
22,091,104,193.83
22,432,900,467.71
客户贷款及垫款净增加额
存放中央银行和同业款项净增加额
支付原保险合同赔付款项的现金
拆出资金净增加额
支付利息、手续费及佣金的现金
支付保单红利的现金
支付给职工及为职工支付的现金
4,498,748,647.46
4,294,483,815.20
支付的各项税费
1,672,718,828.27
1,864,301,025.72
支付其他与经营活动有关的现金
432,802,142.41
433,347,415.41
经营活动现金流出小计
28,695,373,811.97
29,025,032,724.04
经营活动产生的现金流量净额
3,734,648,413.05
948,079,882.53


--- PAGE 10 ---
内蒙古伊利实业集团股份有限公司2026 年第一季度报告
10 / 15
二、投资活动产生的现金流量：
收回投资收到的现金
12,971,036,764.25
20,591,319,218.32
取得投资收益收到的现金
898,965,408.46
191,770,568.93
处置固定资产、无形资产和其他长期资产收回的现金净额
1,649,804.55
6,795,388.63
处置子公司及其他营业单位收到的现金净额
收到其他与投资活动有关的现金
645,545.67
投资活动现金流入小计
13,871,651,977.26
20,790,530,721.55
购建固定资产、无形资产和其他长期资产支付的现金
555,181,921.22
611,191,865.49
投资支付的现金
19,788,112,971.32
21,789,316,307.73
质押贷款净增加额
取得子公司及其他营业单位支付的现金净额
支付其他与投资活动有关的现金
471,504.49
投资活动现金流出小计
20,343,294,892.54
22,400,979,677.71
投资活动产生的现金流量净额
-6,471,642,915.28
-1,610,448,956.16
三、筹资活动产生的现金流量：
吸收投资收到的现金
490,000.00
94,949,494.95
其中：子公司吸收少数股东投资收到的现金
490,000.00
94,949,494.95
取得借款收到的现金
70,191,006,070.67
34,526,950,484.89
收到其他与筹资活动有关的现金
107,535,729.65
筹资活动现金流入小计
70,299,031,800.32
34,621,899,979.84
偿还债务支付的现金
67,696,430,217.20
31,741,330,691.11
分配股利、利润或偿付利息支付的现金
304,983,876.16
159,426,013.95
其中：子公司支付给少数股东的股利、利润
2,141,927.80
1,759,721.63
支付其他与筹资活动有关的现金
44,149,701.94
297,561,324.78
筹资活动现金流出小计
68,045,563,795.30
32,198,318,029.84
筹资活动产生的现金流量净额
2,253,468,005.02
2,423,581,950.00
四、汇率变动对现金及现金等价物的影响
-41,470,623.41
13,620,337.06
五、现金及现金等价物净增加额
-524,997,120.62
1,774,833,213.43
加：期初现金及现金等价物余额
17,677,587,920.54
24,546,520,007.54
六、期末现金及现金等价物余额
17,152,590,799.92
26,321,353,220.97
公司负责人：潘刚
主管会计工作负责人：赵成霞
会计机构负责人：邹赢


--- PAGE 11 ---
内蒙古伊利实业集团股份有限公司2026 年第一季度报告
11 / 15
母公司资产负债表
2026 年3 月31 日
编制单位：内蒙古伊利实业集团股份有限公司
单位：元
币种：人民币
审计类型：未经审计
项目
2026 年3 月31 日
2025 年12 月31 日
流动资产：
货币资金
17,606,045,717.97
13,406,727,376.75
交易性金融资产
衍生金融资产
应收票据
应收账款
1,864,515,921.40
1,239,270,316.97
应收款项融资
140,700,149.21
120,553,513.44
预付款项
897,859,388.73
1,511,255,417.90
其他应收款
63,800,433.85
27,389,106.24
其中：应收利息
应收股利
存货
2,255,091,311.20
2,948,010,139.31
其中：数据资源
合同资产
持有待售资产
16,459,866.67
一年内到期的非流动资产
1,042,817,301.59
10,523,890,085.88
其他流动资产
15,887,803,604.40
16,280,337,021.57
流动资产合计
39,758,633,828.35
46,073,892,844.73
非流动资产：
债权投资
其他债权投资
长期应收款
长期股权投资
57,580,371,479.30
56,376,134,622.46
其他权益工具投资
198,557,369.58
198,144,277.69
其他非流动金融资产
165,734,477.43
183,870,776.50
投资性房地产
453,022,636.14
456,233,565.48
固定资产
3,362,503,861.82
3,387,679,533.05
在建工程
330,487,177.49
304,153,524.13
生产性生物资产
油气资产
使用权资产
495,198,024.55
506,209,951.24
无形资产
940,998,644.84
982,248,435.26
其中：数据资源
开发支出
其中：数据资源
商誉
长期待摊费用
8,461,548.32
10,243,408.79
递延所得税资产
425,045,452.72
440,938,008.17
其他非流动资产
36,238,746,038.09
26,953,873,782.18
非流动资产合计
100,199,126,710.28
89,799,729,884.95
资产总计
139,957,760,538.63
135,873,622,729.68


--- PAGE 12 ---
内蒙古伊利实业集团股份有限公司2026 年第一季度报告
12 / 15
流动负债：
短期借款
14,287,446,184.39
15,408,512,319.17
交易性金融负债
衍生金融负债
应付票据
41,485,513,826.55
32,897,630,337.78
应付账款
15,291,128,393.77
10,105,071,570.73
预收款项
合同负债
5,033,670,379.34
10,179,012,739.23
应付职工薪酬
2,550,236,475.52
2,623,687,613.36
应交税费
811,555,085.98
106,505,118.31
其他应付款
1,283,737,026.11
1,286,861,414.37
其中：应付利息
应付股利
318,036,381.09
318,036,381.09
持有待售负债
一年内到期的非流动负债
2,086,386,382.56
4,088,433,423.88
其他流动负债
574,552,831.22
10,191,629,001.41
流动负债合计
83,404,226,585.44
86,887,343,538.24
非流动负债：
长期借款
289,000.00
289,000.00
应付债券
其中：优先股
永续债
租赁负债
23,762,398.45
29,866,519.12
长期应付款
长期应付职工薪酬
预计负债
递延收益
7,255,762.65
7,059,338.42
递延所得税负债
31,216,251.03
34,155,177.88
其他非流动负债
非流动负债合计
62,523,412.13
71,370,035.42
负债合计
83,466,749,997.57
86,958,713,573.66
所有者权益（或股东权益）：
实收资本（或股本）
6,325,360,667.00
6,325,360,667.00
其他权益工具
其中：优先股
永续债
资本公积
11,322,964,698.12
11,322,964,698.12
减：库存股
其他综合收益
66,755,907.21
66,404,779.10
专项储备
盈余公积
3,200,065,459.00
3,200,065,459.00
未分配利润
35,575,863,809.73
28,000,113,552.80
所有者权益（或股东权益）合计
56,491,010,541.06
48,914,909,156.02
负债和所有者权益（或股东权益）总计
139,957,760,538.63
135,873,622,729.68
公司负责人：潘刚
主管会计工作负责人：赵成霞
会计机构负责人：邹赢


--- PAGE 13 ---
内蒙古伊利实业集团股份有限公司2026 年第一季度报告
13 / 15
母公司利润表
2026 年1—3 月
编制单位：内蒙古伊利实业集团股份有限公司
单位：元
币种：人民币
审计类型：未经审计
项目
2026 年第一季度
2025 年第一季度
一、营业收入
31,555,474,025.14
29,398,217,596.70
减：营业成本
21,280,076,561.53
20,293,833,355.84
税金及附加
131,713,134.27
102,276,379.42
销售费用
5,060,786,460.79
4,795,955,199.06
管理费用
635,198,927.55
611,125,678.16
研发费用
137,741,035.18
172,150,529.44
财务费用
-161,653,586.59
-269,798,416.85
其中：利息费用
237,979,666.60
168,019,880.95
利息收入
403,634,351.44
438,478,915.61
加：其他收益
164,079,110.45
232,421,900.90
投资收益（损失以“-”号填列）
3,705,528,352.51
3,845,681,462.14
其中：对联营企业和合营企业的投资收益
789,097.73
-2,370,239.45
以摊余成本计量的金融资产终止确认收益
净敞口套期收益（损失以“-”号填列）
公允价值变动收益（损失以“-”号填列）
-18,136,299.07
-7,303,151.98
信用减值损失（损失以“-”号填列）
-21,483,740.49
-11,855,840.21
资产减值损失（损失以“-”号填列）
-28,946,774.07
-63,943,364.27
资产处置收益（损失以“-”号填列）
16,933,109.85
-302,778.25
二、营业利润（亏损以“-”号填列）
8,289,585,251.59
7,687,373,099.96
加：营业外收入
198,626.05
1,107,890.59
减：营业外支出
40,263,751.75
4,804,544.37
三、利润总额（亏损总额以“-”号填列）
8,249,520,125.89
7,683,676,446.18
减：所得税费用
673,769,868.96
508,324,825.48
四、净利润（净亏损以“-”号填列）
7,575,750,256.93
7,175,351,620.70
（一）持续经营净利润（净亏损以“-”号填列）
7,575,750,256.93
7,175,351,620.70
（二）终止经营净利润（净亏损以“-”号填列）
五、其他综合收益的税后净额
351,128.11
26,845.69
（一）不能重分类进损益的其他综合收益
351,128.11
26,845.69
1.重新计量设定受益计划变动额
2.权益法下不能转损益的其他综合收益
3.其他权益工具投资公允价值变动
351,128.11
26,845.69
4.企业自身信用风险公允价值变动
（二）将重分类进损益的其他综合收益
1.权益法下可转损益的其他综合收益
2.其他债权投资公允价值变动
3.金融资产重分类计入其他综合收益的金额
4.其他债权投资信用减值准备
5.现金流量套期储备
6.外币财务报表折算差额
7.其他
六、综合收益总额
7,576,101,385.04
7,175,378,466.39
七、每股收益：
（一）基本每股收益(元/股)
（二）稀释每股收益(元/股)
公司负责人：潘刚
主管会计工作负责人：赵成霞
会计机构负责人：邹赢


--- PAGE 14 ---
内蒙古伊利实业集团股份有限公司2026 年第一季度报告
14 / 15
母公司现金流量表
2026 年1—3 月
编制单位：内蒙古伊利实业集团股份有限公司
单位：元
币种：人民币
审计类型：未经审计
项目
2026年第一季度
2025年第一季度
一、经营活动产生的现金流量：
销售商品、提供劳务收到的现金
27,825,055,871.14
25,298,748,000.18
收到的税费返还
66,085,958.57
收到其他与经营活动有关的现金
315,739,566.22
320,888,713.07
经营活动现金流入小计
28,140,795,437.36
25,685,722,671.82
购买商品、接受劳务支付的现金
10,058,162,475.67
20,628,737,292.77
支付给职工及为职工支付的现金
2,515,006,634.37
2,423,973,085.77
支付的各项税费
1,072,924,470.20
1,118,189,714.92
支付其他与经营活动有关的现金
189,022,360.82
251,226,376.48
经营活动现金流出小计
13,835,115,941.06
24,422,126,469.94
经营活动产生的现金流量净额
14,305,679,496.30
1,263,596,201.88
二、投资活动产生的现金流量：
收回投资收到的现金
43,041,903,990.63
19,859,969,029.60
取得投资收益收到的现金
4,636,568,021.95
4,066,964,826.51
处置固定资产、无形资产和其他长期资产收回的现金净额
90,815.57
2,918,969.23
处置子公司及其他营业单位收到的现金净额
收到其他与投资活动有关的现金
投资活动现金流入小计
47,678,562,828.15
23,929,852,825.34
购建固定资产、无形资产和其他长期资产支付的现金
169,297,515.80
124,382,335.13
投资支付的现金
45,476,667,722.35
21,464,463,232.91
取得子公司及其他营业单位支付的现金净额
支付其他与投资活动有关的现金
投资活动现金流出小计
45,645,965,238.15
21,588,845,568.04
投资活动产生的现金流量净额
2,032,597,590.00
2,341,007,257.30
三、筹资活动产生的现金流量：
吸收投资收到的现金
取得借款收到的现金
69,775,899,171.19
30,999,912,973.90
收到其他与筹资活动有关的现金
筹资活动现金流入小计
69,775,899,171.19
30,999,912,973.90
偿还债务支付的现金
81,614,435,401.28
29,560,900,000.00
分配股利、利润或偿付利息支付的现金
284,390,417.23
293,610,737.18
支付其他与筹资活动有关的现金
14,645,935.36
23,856,039.36
筹资活动现金流出小计
81,913,471,753.87
29,878,366,776.54
筹资活动产生的现金流量净额
-12,137,572,582.68
1,121,546,197.36
四、汇率变动对现金及现金等价物的影响
-6,690.17
30,912.40
五、现金及现金等价物净增加额
4,200,697,813.45
4,726,180,568.94
加：期初现金及现金等价物余额
13,404,587,376.75
8,471,582,485.64
六、期末现金及现金等价物余额
17,605,285,190.20
13,197,763,054.58
公司负责人：潘刚
主管会计工作负责人：赵成霞
会计机构负责人：邹赢


--- PAGE 15 ---
内蒙古伊利实业集团股份有限公司2026 年第一季度报告
15 / 15
(三)2026 年起首次执行新会计准则或准则解释等涉及调整首次执行当年年初的财务报表
□适用√不适用
特此公告
内蒙古伊利实业集团股份有限公司
董
事
会
2026 年4 月28 日
